A1E02M01.mp.profile	A1E02M02.mp.profile	A1E02M04.mp.profile	A1E02M05.mp.profile	A1E02M07.mp.profile	A1E02M08.mp.profile	A1E02P1.mp.profile	A1E02P2.mp.profile	A1E03M01.mp.profile	A1E03M02.mp.profile	A1E03M05.mp.profile	A1E03M06.mp.profile	A1E03P1.mp.profile	A1E03P2.mp.profile	A1E03P3.mp.profile	A1E03P4.mp.profile	A1E04M01.mp.profile	A1E04M02.mp.profile	A1E04M04.mp.profile	A1E04M05.mp.profile	A1E04M07.mp.profile	A1E04M08.mp.profile	A1E04P1.mp.profile	A1E04P2.mp.profile	A1E04P3.mp.profile	A1E04P4.mp.profile	A1E09F1.mp.profile	A1E09F2.mp.profile	A1E09M01.mp.profile	A1E09M02.mp.profile	A1E09M06.mp.profile	A1E09M07.mp.profile	A1E09M1.mp.profile	A1E09M2.mp.profile	A1E10F.mp.profile	A1E10M01.mp.profile	A1E10M02.mp.profile	A1E10M04.mp.profile	A1E10M05.mp.profile	A1E10M.mp.profile	A1E12F.mp.profile	A1E12M01.mp.profile	A1E12M02.mp.profile	A1E12M05.mp.profile	A1E12M06.mp.profile	A1E12M.mp.profile	Wild116.mp.profile	X608.mp.profile
A1E02M01.mp.profile	0	0.157606042119698	0.302284609314617	0.195864479379672	0.452231917834788	0.272407781722335	0.485290025735499	0.454152809169438	0.273650463682523	0.311731896759784	0.332353566764643	0.521304771804284	0.548607190278562	0.587531120623444	0.570202814040563	0.567142213428442	0.621271132555103	0.44904143773964	0.541516022924199	0.389222469461123	0.286472642705472	0.24373494874699	0.483544803291039	0.4116464	0.4206419	0.494134625293269	0.609792439020756	0.617947457307881	0.5222279	0.493577449357745	0.415140641514064	0.428212314357537	0.603299359505096	0.597928960310656	0.5778764	0.511786124410694	0.375263462473654	0.481126951887305	0.480873677868949	0.632750718362464	0.462072719310908	0.433336143333614	0.347379765262023	0.410882364352946	0.510033024498349	0.355393167769658	0.598976039846406	0.564881578244079
A1E02M02.mp.profile	0.157606042119698	0	0.214662196334451	0.268622553724511	0.443468988693798	0.289757751415213	0.4726084	0.451043482343478	0.280663628066363	0.280769956153991	0.285819135709043	0.488196751180325	0.55293346705998	0.636807499999999	0.564354591088648	0.554643488660872	0.626258312122507	0.407833518433296	0.5342257	0.372850937285094	0.271016009347599	0.200013700003425	0.429732185540172	0.354414567720728	0.364174168208708	0.4462644	0.596154420192279	0.597834640216536	0.507042175352109	0.484402222660333	0.388260508239076	0.398775190183722	0.598242840175716	0.561923043807695	0.528736676436834	0.523472	0.343935832803208	0.484287825785609	0.487753451224655	0.6025761	0.419254283850857	0.365463004819451	0.302663534866823	0.40942913424311	0.5021074	0.322518032251803	0.604956620991324	0.554828855482886
A1E02M04.mp.profile	0.302284609314617	0.214662196334451	0	0.334663933266803	0.496946325152684	0.317520831752083	0.519218820195295	0.534764586094166	0.262477510628373	0.288123935593803	0.274753817573855	0.529164564792403	0.450681119727552	0.655686186078453	0.4534702	0.4380947	0.703374263144156	0.525091413708864	0.636249790937553	0.503443974483404	0.287437885024846	0.2098332	0.308212176715129	0.350023929995214	0.395600420879916	0.343423164144209	0.591028822691353	0.471154385095965	0.605592878881425	0.563442643655735	0.374252062574794	0.395628041748783	0.486656779670127	0.493921177127588	0.536924192615161	0.590143002464249	0.43639576908127	0.544251936724419	0.556093655367221	0.585562803609299	0.449023227548838	0.404672059532794	0.408997977300607	0.447689689537938	0.551206612198347	0.355268296709756	0.602559219872039	0.587693161846025
A1E02M05.mp.profile	0.195864479379672	0.268622553724511	0.334663933266803	0	0.458550883420353	0.261727193949957	0.51074090214818	0.460711273035564	0.298561889568567	0.354298541719417	0.320553898083085	0.490029349002935	0.512060275603014	0.532487906497581	0.547499496374773	0.532818989768545	0.581782441821756	0.4641762	0.562522312504462	0.44802883440865	0.306884965344248	0.293800482210217	0.521827176091359	0.411339252834813	0.385371346342836	0.525260905052181	0.57396493609474	0.602106160210616	0.51871587967897	0.485436619902817	0.463699712294899	0.425529871276494	0.612031661203166	0.568762756876276	0.5900835975209	0.538284507656902	0.437729615659442	0.496911724536759	0.508936150893615	0.635468427093685	0.466286686514675	0.405412591894407	0.386357707953656	0.424167425708826	0.473255194651039	0.405420121626036	0.578577131430853	0.528709558612868
A1E02M07.mp.profile	0.452231917834788	0.443468988693798	0.496946325152684	0.458550883420353	0	0.415674978621238	0.512296102459221	0.493939474696974	0.464383839315152	0.471313388525355	0.523666528549979	0.587388358738836	0.687554284377714	0.673275234655047	0.701808165813675	0.694492362521563	0.589677141032286	0.3898342	0.525625705125141	0.405860321758097	0.434696971734849	0.448694051912323	0.597298779864939	0.484023371005843	0.503765175941294	0.607298921459784	0.707564856134728	0.745399374539937	0.369020942255235	0.413908594868009	0.479842417944846	0.453552472677623	0.691982369198237	0.735661673566168	0.541221285305321	0.450307490061498	0.369091705363756	0.410243511536527	0.383828938382894	0.633504726700945	0.448907879563152	0.440185904065067	0.376915506537326	0.341152871749367	0.455068091013618	0.486226945868084	0.669856267942507	0.508906752672026
A1E02M08.mp.profile	0.272407781722335	0.289757751415213	0.317520831752083	0.261727193949957	0.415674978621238	0	0.423470298214605	0.480017696003539	0.278014275106424	0.345169439843192	0.346900304070091	0.547809186952297	0.580139516027903	0.622754167963959	0.591814555088733	0.601060260636156	0.662373283118664	0.463880319582048	0.618109266338243	0.48195386687924	0.261709752341951	0.238898343339006	0.453472690694538	0.282282212912886	0.324039429615772	0.501196425418749	0.631395989418797	0.653687413421854	0.482194592877837	0.417584908792454	0.434134617067309	0.413962982792596	0.622422605605651	0.660358515089629	0.480319092127637	0.577846152246153	0.412441623732487	0.526266557879968	0.526785681696421	0.479611817864136	0.441776392977016	0.301324950662475	0.2225246667574	0.286912029529623	0.500542925190024	0.381484121667855	0.644237704330737	0.53063788878705
A1E02P1.mp.profile	0.485290025735499	0.4726084	0.519218820195295	0.51074090214818	0.512296102459221	0.423470298214605	0	0.292441006133849	0.482202548220255	0.509481601896321	0.511902524404874	0.675824732417527	0.7897273315409	0.8034786	0.784492846123211	0.816879254219813	0.624250012724996	0.480446703910659	0.5754964	0.488188148818815	0.452767582084863	0.458213464553366	0.688825546676168	0.479630173981509	0.481765574088279	0.6690004	0.846352107682395	0.848621115137888	0.557462377873119	0.440008616001292	0.494300424145064	0.56380106542984	0.839013416098658	0.844956215504379	0.243368762168438	0.5365138	0.458574027071299	0.531649323417534	0.519150648084935	0.281507	0.529966305993262	0.526362528954379	0.396713230164338	0.422777540249893	0.5491334	0.523724052372405	0.806089461217892	0.413571041357104
A1E02P2.mp.profile	0.454152809169438	0.451043482343478	0.534764586094166	0.460711273035564	0.493939474696974	0.480017696003539	0.292441006133849	0	0.527633623618319	0.515661875783094	0.49604280079144	0.617601695599576	0.763089371073189	0.759804336029349	0.794140979414098	0.789949378994938	0.50788042145381	0.383230715869249	0.423793686430947	0.393176530341174	0.438316168505149	0.447060044706005	0.724953582513925	0.497480450251955	0.454866954513305	0.687283846907423	0.774981145003771	0.83093284226679	0.500657049934295	0.4901631	0.4617819	0.507160447851866	0.853373436656641	0.802135949466012	0.366300063369994	0.396724390491341	0.379130124173975	0.418922716215457	0.406953848261538	0.508260273760959	0.502781275139064	0.5118118	0.447077610584478	0.460382038114612	0.498946375158044	0.522079523896024	0.78774278938714	0.304995234750238
A1E03M01.mp.profile	0.273650463682523	0.280663628066363	0.262477510628373	0.298561889568567	0.464383839315152	0.278014275106424	0.482202548220255	0.527633623618319	0	0.172572151771645	0.252143862607193	0.4697449	0.498064125096794	0.584872858487286	0.539158338705419	0.528201834870642	0.649235670152866	0.521419147858086	0.630989363098936	0.466726793345359	0.268571536571423	0.245908536067988	0.401944829902758	0.361941904291286	0.386849708027456	0.428949242894924	0.582873479143674	0.5738718	0.58770113815517	0.540887685221921	0.341604335401084	0.367800231609988	0.536048	0.562048	0.525733628860044	0.567057856705786	0.439406671970334	0.547981377399069	0.5437346	0.566621656662166	0.407097022129107	0.390763847690962	0.404240370212019	0.42161278188703	0.531730653173065	0.296803859360771	0.55479216643765	0.545887409177482
A1E03M02.mp.profile	0.311731896759784	0.280769956153991	0.288123935593803	0.354298541719417	0.471313388525355	0.345169439843192	0.509481601896321	0.515661875783094	0.172572151771645	0	0.257174588576188	0.471048347104835	0.491769274588463	0.596464419292884	0.551392298126534	0.519420983739442	0.576173442382656	0.5111246	0.597835519567104	0.436955331086599	0.261574463078723	0.258086366138865	0.412441770622089	0.377389644347411	0.384303546075886	0.431221786244357	0.523181628477244	0.564650056465006	0.588319097079774	0.538502538475888	0.274700746145261	0.313447465672373	0.484662748466275	0.521767852176785	0.563394590848648	0.520685604137121	0.439957615993642	0.493902524085378	0.500853050085305	0.639794527958906	0.365685246274098	0.454085108929788	0.438537515780627	0.428760428694278	0.529584605916922	0.252832975849893	0.507086902834761	0.538342061502618
A1E03M05.mp.profile	0.332353566764643	0.285819135709043	0.274753817573855	0.320553898083085	0.523666528549979	0.346900304070091	0.511902524404874	0.49604280079144	0.252143862607193	0.257174588576188	0	0.404047889392817	0.482544003491199	0.613613919319303	0.536560507312101	0.488335997667199	0.615053634731228	0.456909735772566	0.570108321494584	0.466243973312199	0.302753639449272	0.285806957161391	0.441544011691198	0.3383221	0.3130563	0.438906828054659	0.519229748077025	0.536950669457399	0.5944113	0.542904954290495	0.383314538331454	0.400661319867736	0.569353164597025	0.490188976471654	0.5110705	0.572173121391344	0.441772255822774	0.555608444439156	0.54780246782963	0.568787421560629	0.415735612360342	0.352851135285113	0.425182557481744	0.464493885797554	0.479876126006193	0.344143667207183	0.54658153198723	0.525512276275614
A1E03M06.mp.profile	0.521304771804284	0.488196751180325	0.529164564792403	0.490029349002935	0.587388358738836	0.547809186952297	0.675824732417527	0.617601695599576	0.4697449	0.471048347104835	0.404047889392817	0	0.613742296564425	0.590961940903806	0.669341450401217	0.625453143817971	0.580714767714092	0.54496983650905	0.521269447873055	0.5307743	0.501088024727994	0.517897127684569	0.652912186771954	0.546347322682634	0.549729422513529	0.660522633947736	0.604421559336766	0.679545164090967	0.626597618670118	0.633686281684314	0.511913175595659	0.522435619391095	0.716033856793228	0.607527978494404	0.616930019153499	0.609743239025676	0.54883446767483	0.622901556564767	0.646484270703146	0.663145033685496	0.600374760037476	0.430938571546928	0.530993370350995	0.638443473455215	0.565918143408186	0.560581	0.612766461276646	0.5949038
A1E03P1.mp.profile	0.548607190278562	0.55293346705998	0.450681119727552	0.512060275603014	0.687554284377714	0.580139516027903	0.7897273315409	0.763089371073189	0.498064125096794	0.491769274588463	0.482544003491199	0.613742296564425	0	0.438032384295142	0.184755718475572	0.209363620936362	0.710764630155916	0.7096500016225	0.760911735863239	0.663772916811354	0.534816339555098	0.525134852513485	0.414226575732027	0.606561539343846	0.568182743181726	0.414893287766007	0.357285428542914	0.263173184206704	0.727701327229867	0.7401575	0.6180941	0.596940420917874	0.28927267768183	0.308827572793107	0.864790413520958	0.7555633366655	0.727927854414429	0.729469154106169	0.75304016173996	0.894898315765252	0.619384880969244	0.654597800000001	0.680443963911208	0.66509679952904	0.685991347101297	0.511268024436598	0.386627769331389	0.764878411756079
A1E03P2.mp.profile	0.587531120623444	0.636807499999999	0.655686186078453	0.532487906497581	0.673275234655047	0.622754167963959	0.8034786	0.759804336029349	0.584872858487286	0.596464419292884	0.613613919319303	0.590961940903806	0.438032384295142	0	0.521707580426895	0.430819757704939	0.665032900490129	0.685624662875067	0.7256951	0.652974065297407	0.592388061141791	0.616020104005026	0.690592346411148	0.711185885559294	0.661454183072709	0.709459	0.467736626613168	0.567888243211175	0.683014784150739	0.699838154975724	0.666202049930308	0.658185651272152	0.575451842454816	0.446321955367805	0.881420694071035	0.7318524	0.734827513258625	0.720815313959234	0.770173922982608	0.9086929	0.653407030681406	0.660382949057443	0.682862515856874	0.683133257409965	0.5977991	0.582128958212896	0.422239584447917	0.751916675191667
A1E03P3.mp.profile	0.570202814040563	0.564354591088648	0.4534702	0.547499496374773	0.701808165813675	0.591814555088733	0.784492846123211	0.794140979414098	0.539158338705419	0.551392298126534	0.536560507312101	0.669341450401217	0.184755718475572	0.521707580426895	0	0.237589118794559	0.78026121098694	0.747915187395759	0.801654950413737	0.705287496850624	0.569753756975375	0.542564371282185	0.418194041819404	0.601686680506004	0.579385573815671	0.407250751812688	0.455899191179838	0.229086084362913	0.748424624527387	0.75064060025624	0.670735168294067	0.636849063684907	0.240662986099448	0.374585906187886	0.858245757473727	0.785112946278237	0.74530534906107	0.76449425289885	0.77217226582584	0.882818870704718	0.661093947492276	0.679109471643789	0.688318437663687	0.688937582256308	0.725736631434158	0.572361150326403	0.449765252394364	0.805249031837161
A1E03P4.mp.profile	0.567142213428442	0.554643488660872	0.4380947	0.532818989768545	0.694492362521563	0.601060260636156	0.816879254219813	0.789949378994938	0.528201834870642	0.519420983739442	0.488335997667199	0.625453143817971	0.209363620936362	0.430819757704939	0.237589118794559	0	0.740619312969034	0.710876285543814	0.770767142691785	0.675768386518935	0.548199154819915	0.543573871786935	0.436512743651275	0.624181087254326	0.586866776060032	0.44377796094449	0.414107082821417	0.228528684279303	0.744865923459777	0.733029893211957	0.62792045116818	0.602016360201636	0.35094080264112	0.327780499167075	0.872407661722298	0.735127333781833	0.736391047278209	0.73182434636487	0.748330762249615	0.887758671939668	0.626429631893335	0.648761859504744	0.691273738254747	0.692395984677189	0.657892114473028	0.519531331835966	0.386289223830151	0.784558624595519
A1E04M01.mp.profile	0.621271132555103	0.626258312122507	0.703374263144156	0.581782441821756	0.589677141032286	0.662373283118664	0.624250012724996	0.50788042145381	0.649235670152866	0.576173442382656	0.615053634731228	0.580714767714092	0.710764630155916	0.665032900490129	0.78026121098694	0.740619312969034	0	0.502916748541626	0.456850962944711	0.460542707891458	0.596344281645073	0.669566916521654	0.739176117370747	0.68686287828428	0.599612500096875	0.740793377761986	0.740016290994298	0.807707476917009	0.604955898761025	0.629485655577151	0.588413461737981	0.647086858810913	0.789540384183846	0.75533869786452	0.684141178964705	0.44493946651816	0.528357865074747	0.467824786261325	0.513538694584522	0.777506666748	0.555016844498315	0.671120449331933	0.637511826870861	0.601854740278211	0.495273051418085	0.565399986920003	0.648290335170966	0.462278807544239
A1E04M02.mp.profile	0.44904143773964	0.407833518433296	0.525091413708864	0.4641762	0.3898342	0.463880319582048	0.480446703910659	0.383230715869249	0.521419147858086	0.5111246	0.456909735772566	0.54496983650905	0.7096500016225	0.685624662875067	0.747915187395759	0.710876285543814	0.502916748541626	0	0.321783135643373	0.225558577444142	0.417712503800624	0.440969072048454	0.636727227145469	0.423839686424047	0.363382995492551	0.609320778135844	0.702936174265956	0.77815946655216	0.385077492238376	0.469665426516729	0.458994627050269	0.482720581047796	0.813135456059363	0.725939482218155	0.470669679399548	0.400996419800716	0.253881986529503	0.43268644182839	0.383511384946585	0.622536875492625	0.3965799	0.411200529439973	0.394856251285937	0.404174251043563	0.392796121440775	0.457754254224575	0.7209796	0.435560656443934
A1E04M04.mp.profile	0.541516022924199	0.5342257	0.636249790937553	0.562522312504462	0.525625705125141	0.618109266338243	0.5754964	0.423793686430947	0.630989363098936	0.597835519567104	0.570108321494584	0.521269447873055	0.760911735863239	0.7256951	0.801654950413737	0.770767142691785	0.456850962944711	0.321783135643373	0	0.311435731143573	0.522315371652694	0.572703093175774	0.73537433969385	0.575390978769549	0.523321176166059	0.7305454	0.750084712495765	0.830567616943238	0.479234773961739	0.55668773350316	0.558094033714105	0.605699059145141	0.864585413541458	0.782280621771937	0.586363479318174	0.423672	0.421692028915399	0.465982526700873	0.460611353938864	0.7019191	0.50575270115054	0.54688433203265	0.514818324259084	0.549573597308119	0.4987226	0.593614359361435	0.756902351380471	0.496169949616995
A1E04M05.mp.profile	0.389222469461123	0.372850937285094	0.503443974483404	0.44802883440865	0.405860321758097	0.48195386687924	0.488188148818815	0.393176530341174	0.466726793345359	0.436955331086599	0.466243973312199	0.5307743	0.663772916811354	0.652974065297407	0.705287496850624	0.675768386518935	0.460542707891458	0.225558577444142	0.311435731143573	0	0.393219930339004	0.429978300492405	0.569924721503764	0.466990120048518	0.406038510905776	0.558594255859426	0.68221498411075	0.7395407	0.422388713358307	0.502575675643918	0.412482453120614	0.475976526201174	0.7435106	0.7031249	0.520549228082384	0.389163538916354	0.265701063285053	0.405959570297979	0.3991715	0.667012366701237	0.388247216474165	0.43318975829744	0.393753469687674	0.397269468498208	0.425204642520464	0.415312183062437	0.681193604358082	0.464307292861459
A1E04M07.mp.profile	0.286472642705472	0.271016009347599	0.287437885024846	0.306884965344248	0.434696971734849	0.261709752341951	0.452767582084863	0.438316168505149	0.268571536571423	0.261574463078723	0.302753639449272	0.501088024727994	0.534816339555098	0.592388061141791	0.569753756975375	0.548199154819915	0.596344281645073	0.417712503800624	0.522315371652694	0.393219930339004	0	0.165535216553522	0.435561769331469	0.273612772638723	0.297987270201273	0.470579379413093	0.585204582959083	0.603306899173275	0.471439652856035	0.4070714	0.3012337	0.317718104684569	0.549823112544222	0.580882504779374	0.509227249077275	0.490931776360234	0.382179023564195	0.463008007398399	0.453255936686016	0.567505464874181	0.356892367844618	0.3582304	0.324633635073273	0.315947694784309	0.471124579331313	0.318220034088998	0.600537480026874	0.481536825923158
A1E04M08.mp.profile	0.24373494874699	0.200013700003425	0.2098332	0.293800482210217	0.448694051912323	0.238898343339006	0.458213464553366	0.447060044706005	0.245908536067988	0.258086366138865	0.285806957161391	0.517897127684569	0.525134852513485	0.616020104005026	0.542564371282185	0.543573871786935	0.669566916521654	0.440969072048454	0.572703093175774	0.429978300492405	0.165535216553522	0	0.388363038836304	0.282953584886076	0.316331394899419	0.422409155602289	0.569358813871763	0.57625693643854	0.486761946028584	0.423870469548188	0.356395642558257	0.364149536414954	0.548306732246009	0.550978032646704	0.515189454556836	0.581461695365424	0.405230781046156	0.537469907493981	0.540244531036679	0.571202792800698	0.419148038616617	0.341042536417015	0.300112260022452	0.340568038397627	0.505897176474294	0.325023563758247	0.612336925551616	0.54486474070266
A1E04P1.mp.profile	0.483544803291039	0.429732185540172	0.308212176715129	0.521827176091359	0.597298779864939	0.453472690694538	0.688825546676168	0.724953582513925	0.401944829902758	0.412441770622089	0.441544011691198	0.652912186771954	0.414226575732027	0.690592346411148	0.418194041819404	0.436512743651275	0.739176117370747	0.636727227145469	0.73537433969385	0.569924721503764	0.435561769331469	0.388363038836304	0	0.371421862857814	0.411282358871764	0.153324027001396	0.592565381486924	0.43841204039699	0.704897529510247	0.6584054	0.5184884	0.517649344705197	0.428010342997414	0.51141892214527	0.725133527486648	0.717424242386364	0.588562882287424	0.660416067916787	0.690732377316906	0.728103940784409	0.503081475154074	0.5509183	0.543070991385801	0.537836361350908	0.643998953400157	0.370455431477228	0.592690179634509	0.739296713035164
A1E04P2.mp.profile	0.4116464	0.354414567720728	0.350023929995214	0.411339252834813	0.484023371005843	0.282282212912886	0.479630173981509	0.497480450251955	0.361941904291286	0.377389644347411	0.3383221	0.546347322682634	0.606561539343846	0.711185885559294	0.601686680506004	0.624181087254326	0.68686287828428	0.423839686424047	0.575390978769549	0.466990120048518	0.273612772638723	0.282953584886076	0.371421862857814	0	0.168518416851842	0.385055269252764	0.5891993	0.614151619292419	0.517098051709805	0.469113093822619	0.382041276408255	0.385437761456224	0.646852117657394	0.610034919498254	0.453404445340445	0.563144178157209	0.4126131	0.5380734	0.498001425099929	0.539987976999399	0.362192340548085	0.356643271328654	0.3276912	0.378253289126645	0.505352875267644	0.345735501860325	0.689659522414881	0.499853624978044
A1E04P3.mp.profile	0.4206419	0.364174168208708	0.395600420879916	0.385371346342836	0.503765175941294	0.324039429615772	0.481765574088279	0.454866954513305	0.386849708027456	0.384303546075886	0.3130563	0.549729422513529	0.568182743181726	0.661454183072709	0.579385573815671	0.586866776060032	0.599612500096875	0.363382995492551	0.523321176166059	0.406038510905776	0.297987270201273	0.316331394899419	0.411282358871764	0.168518416851842	0	0.404587970229398	0.5494796	0.583362820831859	0.538982553898256	0.48569339713868	0.395768379153676	0.389497261050274	0.642091617895419	0.576866921156654	0.486723848672385	0.559787277989363	0.424370200000001	0.5149054	0.504410724779464	0.579644278982214	0.325268231317058	0.351539170307834	0.3823629	0.410102605051302	0.466310873315543	0.332819699922955	0.652901513225378	0.487818323172749
A1E04P4.mp.profile	0.494134625293269	0.4462644	0.343423164144209	0.525260905052181	0.607298921459784	0.501196425418749	0.6690004	0.687283846907423	0.428949242894924	0.431221786244357	0.438906828054659	0.660522633947736	0.414893287766007	0.709459	0.407250751812688	0.44377796094449	0.740793377761986	0.609320778135844	0.7305454	0.558594255859426	0.470579379413093	0.422409155602289	0.153324027001396	0.385055269252764	0.404587970229398	0	0.597309820134509	0.428045457195454	0.70722978536149	0.687800653170098	0.54018653102798	0.520426171936074	0.427647857235214	0.513689048631095	0.695879684793984	0.6902838	0.574569521271523	0.652580817370959	0.660640933935906	0.7576935	0.49882579976516	0.589388938408341	0.580639820968008	0.559811501915176	0.6573466	0.368433936843394	0.595301519060304	0.711991071199107
A1E09F1.mp.profile	0.609792439020756	0.596154420192279	0.591028822691353	0.57396493609474	0.707564856134728	0.631395989418797	0.846352107682395	0.774981145003771	0.582873479143674	0.523181628477244	0.519229748077025	0.604421559336766	0.357285428542914	0.467736626613168	0.455899191179838	0.414107082821417	0.740016290994298	0.702936174265956	0.750084712495765	0.68221498411075	0.585204582959083	0.569358813871763	0.592565381486924	0.5891993	0.5494796	0.597309820134509	0	0.392880791067881	0.7622932	0.745948174594817	0.594156959415697	0.570580485883903	0.482250977662354	0.181465122780232	0.8719075	0.764279111786045	0.721641027835897	0.746013325398668	0.756018936597159	0.903169504841525	0.622654443398167	0.654957165495717	0.705122229487777	0.68807767523107	0.678785216060739	0.560909778045489	0.406477810971672	0.783602589180129
A1E09F2.mp.profile	0.617947457307881	0.597834640216536	0.471154385095965	0.602106160210616	0.745399374539937	0.653687413421854	0.848621115137888	0.83093284226679	0.5738718	0.564650056465006	0.536950669457399	0.679545164090967	0.263173184206704	0.567888243211175	0.229086084362913	0.228528684279303	0.807707476917009	0.77815946655216	0.830567616943238	0.7395407	0.603306899173275	0.57625693643854	0.43841204039699	0.614151619292419	0.583362820831859	0.428045457195454	0.392880791067881	0	0.815323109233845	0.795154489757725	0.652947382647369	0.627929693017577	0.267699546460091	0.286525442694912	0.88101780594911	0.793616720638328	0.748224337766349	0.782852632572105	0.789424242115152	0.901502009849799	0.670189567018957	0.686781884339095	0.740516138922579	0.739516608830813	0.742611025738897	0.5782135	0.463424246342425	0.8263346
A1E09M01.mp.profile	0.5222279	0.507042175352109	0.605592878881425	0.51871587967897	0.369020942255235	0.482194592877837	0.557462377873119	0.500657049934295	0.58770113815517	0.588319097079774	0.5944113	0.626597618670118	0.727701327229867	0.683014784150739	0.748424624527387	0.744865923459777	0.604955898761025	0.385077492238376	0.479234773961739	0.422388713358307	0.471439652856035	0.486761946028584	0.704897529510247	0.517098051709805	0.538982553898256	0.70722978536149	0.7622932	0.815323109233845	0	0.316530063306013	0.588435917687184	0.565378343462165	0.79114361044282	0.794647210267639	0.533456953345696	0.492824274641214	0.469679	0.4940153	0.490985325450734	0.670225783511289	0.540360685090171	0.468486393697279	0.3940027	0.427757313878657	0.511159275557964	0.567996235199435	0.719702529925632	0.473981721097258
A1E09M02.mp.profile	0.493577449357745	0.484402222660333	0.563442643655735	0.485436619902817	0.413908594868009	0.417584908792454	0.440008616001292	0.4901631	0.540887685221921	0.538502538475888	0.542904954290495	0.633686281684314	0.7401575	0.699838154975724	0.75064060025624	0.733029893211957	0.629485655577151	0.469665426516729	0.55668773350316	0.502575675643918	0.4070714	0.423870469548188	0.6584054	0.469113093822619	0.48569339713868	0.687800653170098	0.745948174594817	0.795154489757725	0.316530063306013	0	0.516762055028616	0.5265665	0.76868558843428	0.787498189374909	0.49177529835506	0.530169529525429	0.510188451018845	0.494899849489985	0.511876375593819	0.472162120824318	0.531080935878327	0.438065731419719	0.344212834421284	0.376946426167856	0.484624922693738	0.542634585658646	0.71589060056171	0.534359583589896
A1E09M06.mp.profile	0.415140641514064	0.388260508239076	0.374252062574794	0.463699712294899	0.479842417944846	0.434134617067309	0.494300424145064	0.4617819	0.341604335401084	0.274700746145261	0.383314538331454	0.511913175595659	0.6180941	0.666202049930308	0.670735168294067	0.62792045116818	0.588413461737981	0.458994627050269	0.558094033714105	0.412482453120614	0.3012337	0.356395642558257	0.5184884	0.382041276408255	0.395768379153676	0.54018653102798	0.594156959415697	0.652947382647369	0.588435917687184	0.516762055028616	0	0.2788711	0.616692780834639	0.615410680770534	0.48593669718734	0.460628819094323	0.387019738701974	0.433483243348324	0.437378571868929	0.594171239125686	0.359666475883267	0.44791463437439	0.457429645742965	0.418565651139391	0.504588925688339	0.359606139901535	0.644175775461521	0.501921975480494
A1E09M07.mp.profile	0.428212314357537	0.398775190183722	0.395628041748783	0.425529871276494	0.453552472677623	0.413962982792596	0.56380106542984	0.507160447851866	0.367800231609988	0.313447465672373	0.400661319867736	0.522435619391095	0.596940420917874	0.658185651272152	0.636849063684907	0.602016360201636	0.647086858810913	0.482720581047796	0.605699059145141	0.475976526201174	0.317718104684569	0.364149536414954	0.517649344705197	0.385437761456224	0.389497261050274	0.520426171936074	0.570580485883903	0.627929693017577	0.565378343462165	0.5265665	0.2788711	0	0.537538915615271	0.6072547981863	0.551566644843335	0.517575172363724	0.409665318066936	0.454326709134658	0.422718844320289	0.655373251694012	0.300447565022378	0.4635166	0.478385004322999	0.372373811712144	0.412619488107077	0.371412631429368	0.557576177878808	0.510959224452039
A1E09M1.mp.profile	0.603299359505096	0.598242840175716	0.486656779670127	0.612031661203166	0.691982369198237	0.622422605605651	0.839013416098658	0.853373436656641	0.536048	0.484662748466275	0.569353164597025	0.716033856793228	0.28927267768183	0.575451842454816	0.240662986099448	0.35094080264112	0.789540384183846	0.813135456059363	0.864585413541458	0.7435106	0.549823112544222	0.548306732246009	0.428010342997414	0.646852117657394	0.642091617895419	0.427647857235214	0.482250977662354	0.267699546460091	0.79114361044282	0.76868558843428	0.616692780834639	0.537538915615271	0	0.392781921443616	0.904623704768815	0.805258619474138	0.772888234066765	0.730024540496318	0.75205824958835	0.916740208325979	0.612113561211356	0.726845786342289	0.727390640891403	0.649289177251212	0.718130228186977	0.5286476	0.434016143401615	0.8484608
A1E09M2.mp.profile	0.597928960310656	0.561923043807695	0.493921177127588	0.568762756876276	0.735661673566168	0.660358515089629	0.844956215504379	0.802135949466012	0.562048	0.521767852176785	0.490188976471654	0.607527978494404	0.308827572793107	0.446321955367805	0.374585906187886	0.327780499167075	0.75533869786452	0.725939482218155	0.782280621771937	0.7031249	0.580882504779374	0.550978032646704	0.51141892214527	0.610034919498254	0.576866921156654	0.513689048631095	0.181465122780232	0.286525442694912	0.794647210267639	0.787498189374909	0.615410680770534	0.6072547981863	0.392781921443616	0	0.889226905538655	0.771338822866117	0.731976740203489	0.763623035456545	0.790530941893811	0.915364708463529	0.649871164987117	0.682430384121519	0.740211938968209	0.734488807071083	0.708999829100017	0.5345644	0.384747838474784	0.8048574
A1E10F.mp.profile	0.5778764	0.528736676436834	0.536924192615161	0.5900835975209	0.541221285305321	0.480319092127637	0.243368762168438	0.366300063369994	0.525733628860044	0.563394590848648	0.5110705	0.616930019153499	0.864790413520958	0.881420694071035	0.858245757473727	0.872407661722298	0.684141178964705	0.470669679399548	0.586363479318174	0.520549228082384	0.509227249077275	0.515189454556836	0.725133527486648	0.453404445340445	0.486723848672385	0.695879684793984	0.8719075	0.88101780594911	0.533456953345696	0.49177529835506	0.48593669718734	0.551566644843335	0.904623704768815	0.889226905538655	0	0.547863377393168	0.4484252	0.559849	0.501553324922334	0.249738462486923	0.534131683532922	0.477396895479379	0.4368987	0.459476429738215	0.582188079109404	0.575521836328275	0.878216269554067	0.407915511187326
A1E10M01.mp.profile	0.511786124410694	0.523472	0.590143002464249	0.538284507656902	0.450307490061498	0.577846152246153	0.5365138	0.396724390491341	0.567057856705786	0.520685604137121	0.572173121391344	0.609743239025676	0.7555633366655	0.7318524	0.785112946278237	0.735127333781833	0.44493946651816	0.400996419800716	0.423672	0.389163538916354	0.490931776360234	0.581461695365424	0.717424242386364	0.563144178157209	0.559787277989363	0.6902838	0.764279111786045	0.793616720638328	0.492824274641214	0.530169529525429	0.460628819094323	0.517575172363724	0.805258619474138	0.771338822866117	0.547863377393168	0	0.293244935337753	0.229898238505088	0.196425080357492	0.6846865	0.476537895307579	0.592620238893036	0.540690122965494	0.498039774117898	0.4563349	0.500281850028185	0.696593839318768	0.369919736991973
A1E10M02.mp.profile	0.375263462473654	0.343935832803208	0.43639576908127	0.437729615659442	0.369091705363756	0.412441623732487	0.458574027071299	0.379130124173975	0.439406671970334	0.439957615993642	0.441772255822774	0.54883446767483	0.727927854414429	0.734827513258625	0.74530534906107	0.736391047278209	0.528357865074747	0.253881986529503	0.421692028915399	0.265701063285053	0.382179023564195	0.405230781046156	0.588562882287424	0.4126131	0.424370200000001	0.574569521271523	0.721641027835897	0.748224337766349	0.469679	0.510188451018845	0.387019738701974	0.409665318066936	0.772888234066765	0.731976740203489	0.4484252	0.293244935337753	0	0.318775868122413	0.268270609759408	0.563815321809234	0.412596611889492	0.389414638941464	0.367515063248494	0.365685246274098	0.425834128708294	0.430702071535103	0.744325061648759	0.420152271007613
A1E10M04.mp.profile	0.481126951887305	0.484287825785609	0.544251936724419	0.496911724536759	0.410243511536527	0.526266557879968	0.531649323417534	0.418922716215457	0.547981377399069	0.493902524085378	0.555608444439156	0.622901556564767	0.729469154106169	0.720815313959234	0.76449425289885	0.73182434636487	0.467824786261325	0.43268644182839	0.465982526700873	0.405959570297979	0.463008007398399	0.537469907493981	0.660416067916787	0.5380734	0.5149054	0.652580817370959	0.746013325398668	0.782852632572105	0.4940153	0.494899849489985	0.433483243348324	0.454326709134658	0.730024540496318	0.763623035456545	0.559849	0.229898238505088	0.318775868122413	0	0.171592124261181	0.682546615872669	0.398751109812666	0.576898757689876	0.507561449243855	0.37834865133946	0.396963330151834	0.457225072861254	0.641408546211282	0.426229271311464
A1E10M05.mp.profile	0.480873677868949	0.487753451224655	0.556093655367221	0.508936150893615	0.383828938382894	0.526785681696421	0.519150648084935	0.406953848261538	0.5437346	0.500853050085305	0.54780246782963	0.646484270703146	0.75304016173996	0.770173922982608	0.77217226582584	0.748330762249615	0.513538694584522	0.383511384946585	0.460611353938864	0.3991715	0.453255936686016	0.540244531036679	0.690732377316906	0.498001425099929	0.504410724779464	0.660640933935906	0.756018936597159	0.789424242115152	0.490985325450734	0.511876375593819	0.437378571868929	0.422718844320289	0.75205824958835	0.790530941893811	0.501553324922334	0.196425080357492	0.268270609759408	0.171592124261181	0	0.652315434768456	0.394664239466424	0.558964577948229	0.510180573472914	0.401494190522966	0.426183757381624	0.4680224	0.676117267611726	0.3746675
A1E10M.mp.profile	0.632750718362464	0.6025761	0.585562803609299	0.635468427093685	0.633504726700945	0.479611817864136	0.281507	0.508260273760959	0.566621656662166	0.639794527958906	0.568787421560629	0.663145033685496	0.894898315765252	0.9086929	0.882818870704718	0.887758671939668	0.777506666748	0.622536875492625	0.7019191	0.667012366701237	0.567505464874181	0.571202792800698	0.728103940784409	0.539987976999399	0.579644278982214	0.7576935	0.903169504841525	0.901502009849799	0.670225783511289	0.472162120824318	0.594171239125686	0.655373251694012	0.916740208325979	0.915364708463529	0.249738462486923	0.6846865	0.563815321809234	0.682546615872669	0.652315434768456	0	0.646798529359706	0.490196523529478	0.466319426684029	0.516510582429762	0.6365638	0.660986466098647	0.907175981435196	0.566132256613226
A1E12F.mp.profile	0.462072719310908	0.419254283850857	0.449023227548838	0.466286686514675	0.448907879563152	0.441776392977016	0.529966305993262	0.502781275139064	0.407097022129107	0.365685246274098	0.415735612360342	0.600374760037476	0.619384880969244	0.653407030681406	0.661093947492276	0.626429631893335	0.555016844498315	0.3965799	0.50575270115054	0.388247216474165	0.356892367844618	0.419148038616617	0.503081475154074	0.362192340548085	0.325268231317058	0.49882579976516	0.622654443398167	0.670189567018957	0.540360685090171	0.531080935878327	0.359666475883267	0.300447565022378	0.612113561211356	0.649871164987117	0.534131683532922	0.476537895307579	0.412596611889492	0.398751109812666	0.394664239466424	0.646798529359706	0	0.495807323532563	0.459204818880723	0.320120858078558	0.315113363022673	0.283602985080895	0.551964820785928	0.430778229233469
A1E12M01.mp.profile	0.433336143333614	0.365463004819451	0.404672059532794	0.405412591894407	0.440185904065067	0.301324950662475	0.526362528954379	0.5118118	0.390763847690962	0.454085108929788	0.352851135285113	0.430938571546928	0.654597800000001	0.660382949057443	0.679109471643789	0.648761859504744	0.671120449331933	0.411200529439973	0.54688433203265	0.43318975829744	0.3582304	0.341042536417015	0.5509183	0.356643271328654	0.351539170307834	0.589388938408341	0.654957165495717	0.686781884339095	0.468486393697279	0.438065731419719	0.44791463437439	0.4635166	0.726845786342289	0.682430384121519	0.477396895479379	0.592620238893036	0.389414638941464	0.576898757689876	0.558964577948229	0.490196523529478	0.495807323532563	0	0.212520621252062	0.359764515858709	0.449669917450487	0.483760570940142	0.699441994804699	0.553738488434623
A1E12M02.mp.profile	0.347379765262023	0.302663534866823	0.408997977300607	0.386357707953656	0.376915506537326	0.2225246667574	0.396713230164338	0.447077610584478	0.404240370212019	0.438537515780627	0.425182557481744	0.530993370350995	0.680443963911208	0.682862515856874	0.688318437663687	0.691273738254747	0.637511826870861	0.394856251285937	0.514818324259084	0.393753469687674	0.324633635073273	0.300112260022452	0.543070991385801	0.3276912	0.3823629	0.580639820968008	0.705122229487777	0.740516138922579	0.3940027	0.344212834421284	0.457429645742965	0.478385004322999	0.727390640891403	0.740211938968209	0.4368987	0.540690122965494	0.367515063248494	0.507561449243855	0.510180573472914	0.466319426684029	0.459204818880723	0.212520621252062	0	0.242064596825839	0.452870727356464	0.435666271783313	0.703921255588188	0.505036475251824
A1E12M05.mp.profile	0.410882364352946	0.40942913424311	0.447689689537938	0.424167425708826	0.341152871749367	0.286912029529623	0.422777540249893	0.460382038114612	0.42161278188703	0.428760428694278	0.464493885797554	0.638443473455215	0.66509679952904	0.683133257409965	0.688937582256308	0.692395984677189	0.601854740278211	0.404174251043563	0.549573597308119	0.397269468498208	0.315947694784309	0.340568038397627	0.537836361350908	0.378253289126645	0.410102605051302	0.559811501915176	0.68807767523107	0.739516608830813	0.427757313878657	0.376946426167856	0.418565651139391	0.372373811712144	0.649289177251212	0.734488807071083	0.459476429738215	0.498039774117898	0.365685246274098	0.37834865133946	0.401494190522966	0.516510582429762	0.320120858078558	0.359764515858709	0.242064596825839	0	0.352430508593729	0.426465084555796	0.613041248476811	0.476262011944107
A1E12M06.mp.profile	0.510033024498349	0.5021074	0.551206612198347	0.473255194651039	0.455068091013618	0.500542925190024	0.5491334	0.498946375158044	0.531730653173065	0.529584605916922	0.479876126006193	0.565918143408186	0.685991347101297	0.5977991	0.725736631434158	0.657892114473028	0.495273051418085	0.392796121440775	0.4987226	0.425204642520464	0.471124579331313	0.505897176474294	0.643998953400157	0.505352875267644	0.466310873315543	0.6573466	0.678785216060739	0.742611025738897	0.511159275557964	0.484624922693738	0.504588925688339	0.412619488107077	0.718130228186977	0.708999829100017	0.582188079109404	0.4563349	0.425834128708294	0.396963330151834	0.426183757381624	0.6365638	0.315113363022673	0.449669917450487	0.452870727356464	0.352430508593729	0	0.453702645370265	0.545813309162662	0.453637345363735
A1E12M.mp.profile	0.355393167769658	0.322518032251803	0.355268296709756	0.405420121626036	0.486226945868084	0.381484121667855	0.523724052372405	0.522079523896024	0.296803859360771	0.252832975849893	0.344143667207183	0.560581	0.511268024436598	0.582128958212896	0.572361150326403	0.519531331835966	0.565399986920003	0.457754254224575	0.593614359361435	0.415312183062437	0.318220034088998	0.325023563758247	0.370455431477228	0.345735501860325	0.332819699922955	0.368433936843394	0.560909778045489	0.5782135	0.567996235199435	0.542634585658646	0.359606139901535	0.371412631429368	0.5286476	0.5345644	0.575521836328275	0.500281850028185	0.430702071535103	0.457225072861254	0.4680224	0.660986466098647	0.283602985080895	0.483760570940142	0.435666271783313	0.426465084555796	0.453702645370265	0	0.507441952232586	0.5075120015024
